0.23
6.64
0.65
1.2
0.0
0.3
0.79
1.95
0.51
1.21
1.18
4.27
2.62
3.96
8.03
2.51
5.35
2.5
0.99
1.0
3.22
1.18
1.5
0.99
0.3
0.39
0.02
0.19
1.51
7.95
6.57
6.62
7.41
7.12
6.63
7.11
5.22
3.95
5.61
3.19
10.39
4.77
7.36
4.12
5.67
8.52
11.47
7.51
7.63
8.84
8.92
9.34
9.19
7.8
8.66
7.25
8.16
8.94
8.23
8.41
7.62
9.4
10.1
8.18
8.2
8.19
9.51
9.35
8.99
10.44
7.93
9.65
7.45
7.44
6.82
8.62
9.59
7.99
7.94
8.46
10.05
7.52
7.29
9.13
9.37
3.53
2.42
5.41
7.38
6.95
8.73
10.18
10.39
8.04
8.88
9.61
9.29
8.71
9.14
9.38
9.28
8.32
8.33
9.08
7.6
10.09
9.55
9.02
8.11
9.4
9.13
9.24
4.38
10.44
7.78
9.87
7.79
9.14
10.21
8.97
8.85
7.03
6.74
7.09
6.95
8.92
6.76
5.57
7.14
6.61
6.18
5.94
6.24
3.48
6.07
5.28
5.18
6.78
4.44
3.84
6.9
7.27
8.56
7.48
7.0
